91
6 0 35 0.03214886796164384 0.2120588790546889 -0.9767279468218638 44.92703780906718 
6 0 33 -0.7716190442487987 0.3387354934010299 0.5383886292102863 0.7526487044567602 
6 0 34 -0.7066749960417668 0.1501173763267913 -0.6914298397481334 68.27570563381798 
6 0 23 -0.9288281141829564 0.1973088624059181 0.3136041248443898 12.4226680829748 
6 0 18 -0.5611847383534871 -0.6193421988517285 -0.5490782550426069 6.767045993658307 
6 0 11 -0.6548403119426633 -0.7227036142951084 0.2210964760904676 -46.61308229608451 
6 0 30 -0.3117393061107245 -0.7109890488344406 -0.6303278333241373 -0.543765315612152 
6 0 21 0.01774258273995361 0.8420902731192911 -0.5390446852308198 -21.06518019541914 
6 0 31 -0.2576346712145737 0.8137914273347719 -0.5209298311525199 0.2513006942464102 
6 0 25 0.08047186342728328 0.5308047914530403 0.8436649527905228 -95.54157523751093 
6 0 17 0.02056937774202194 0.9762543128328172 0.2156488288274019 -77.58774261815844 
6 0 29 -0.2953434044582103 0.9329021188602767 0.2060725844673185 -50.51737769981548 
6 0 27 -0.386665445565182 -0.8818743481192242 0.2697915256919176 -67.18928694668222 
6 0 4 -0.4399686155255115 0.1058700421872554 -0.8917506106080518 59.7150766375989 
6 0 20 0.0218300534363629 -0.7480991389153581 -0.6632278093694997 -26.81019215464364 
6 0 15 0.02789322804660264 -0.9558794688278045 0.2924318876296059 -106.3531911821099 
6 1 2 0.2993292964204843 -0.6582608783633189 0.6907203401672559 7.490581876613438 
6 1 9 0.7725614711872204 -0.5844360983546478 0.2481596667007643 -22.95411035190893 
6 1 7 -0.6662674297528678 -0.08636391080008902 0.7406949351533474 46.13685051499284 
6 1 6 -0.7834100031048249 0.5770535266765526 -0.2308202642435263 22.7903697534881 
6 1 3 -0.512640183964952 0.7133939482450585 -0.4777751734777632 5.62805404727826 
6 1 4 0.05648172002468384 -0.6376497391638597 0.7682529696963853 17.82430135429195 
6 1 8 0.8116301176128244 -0.5781654724388564 0.08355380699493467 -29.89375153213116 
6 2 7 -0.8687769842240931 0.4880475528694806 0.083881689423862 35.84422619352533 
6 2 35 0.9021064578666301 0.06794440164966778 0.4261308448819335 -54.59038166864569 
6 2 4 -0.1137916634966344 -0.5990360644211308 0.7925952629441534 24.29753910722422 
6 2 9 0.5299171999035518 0.2990872564135555 -0.7935581732282715 -42.3028379125191 
6 2 8 0.8150476701132877 -0.1458625936410789 -0.5607329125521338 -48.10666727489098 
6 3 7 -0.02661904533104069 -0.5848649563079931 0.8106937827000483 24.11338011611011 
6 3 5 -0.900098930908412 0.3038573778576377 0.3122380638215243 41.58731641999913 
6 3 35 0.8975845402777741 0.03820146665751824 0.4391840627795498 -53.27736227778828 
6 3 24 0.5621990688968522 0.0239273606235515 -0.8266557254051428 -104.1567118699615 
6 3 8 0.6909934395862067 -0.6653848057809795 0.2824732318019383 -18.86004299471233 
6 3 32 0.1554567730727267 0.0285809105286264 -0.9874291484755598 -85.70760765973277 
6 3 22 -0.3429271340998141 0.02717823556020338 -0.9389687557155042 -69.23244397365413 
6 3 6 0.003888437893426072 -0.7175176360957808 0.6965294839001949 19.64867984540951 
6 3 21 0.4365012365257946 0.8739857392925721 0.2135780841394281 -80.01369330903657 
6 3 31 0.1116097966756713 0.9653458274561889 0.2359039777090271 -60.5887337081926 
6 3 16 0.3734286596163261 0.7476985076731217 -0.54908831511929 -115.4705428042893 
6 3 28 0.09278548561142438 0.8025288464933559 -0.5893541415871241 -100.8361833983285 
6 3 9 0.6229951710350219 -0.6747261243178302 0.3957545628670422 -12.50978695283967 
6 4 8 0.4726541945554544 0.3388525860487815 -0.8134967346567459 -39.91653831302891 
6 4 26 0.0892068247839481 -0.7728728002713013 -0.6282593230607589 -105.1522760406993 
6 4 10 -0.2237406768297577 -0.7562947320313866 -0.6147832039291045 -95.12091644039 
6 4 30 0.1116385562718391 -0.9672175174156455 0.22809451277454 -66.422626820386 
6 4 7 -0.4295438215423459 0.7287869920648997 -0.5332556849877862 3.308068414793996 
6 4 5 -0.5174145431971607 0.7047557155386543 -0.4853880632068251 6.329967526726584 
6 4 34 -0.7755544047463161 0.1277058477659805 0.6182285837171874 23.56104732115418 
6 4 20 0.4561762144756783 -0.8661309701513853 0.2042557315995324 -86.19601465360745 
6 4 35 0.9094516204401343 0.08411683432079949 0.4072126081823366 -55.49544510375277 
6 4 18 -0.2766975742071418 -0.9353011741264781 0.22056782654212 -54.61449938981168 
6 4 6 -0.2681869295962191 0.6777874207806804 -0.6846020618032241 -7.883307661291745 
6 4 9 0.2451846826138697 0.523931887267173 -0.8157081885798343 -30.5404889323361 
6 5 28 0.1032888537480482 0.7986948836916739 -0.5928051074815043 -101.2880997534273 
6 5 22 -0.3262238467947088 0.02151566737520514 -0.9450476590309411 -70.02707778437036 
6 5 32 0.1716082223632497 0.02242320474675144 -0.984910055744285 -85.77064839882675 
6 5 12 -0.2015121652003448 0.7865172302716745 -0.5837666432420087 -92.16311161833872 
6 5 7 0.5925278046973361 -0.6764406273745309 0.4374229969922779 -9.018429713334083 
6 5 35 0.9053644106103801 0.02971480727135473 0.4235945162876231 -53.43404313460566 
6 5 34 -0.7277182430251117 0.04799570544470373 0.6841948341132881 23.19637964510771 
6 5 19 -0.2416985185023649 0.9433676083240358 0.2272430014736446 -50.9554786189284 
6 5 31 0.1247437757139692 0.9645979388846809 0.232357067290944 -61.39926513566672 
6 5 18 -0.2491785108443759 -0.9396940985729295 0.2342756300612347 -53.4885574201246 
6 5 10 -0.2057860885568292 -0.7760539716285222 -0.5961479001691424 -94.90744908833594 
6 5 6 0.8325133301466741 -0.5535151740169867 -0.02329178526948871 -30.9211496426181 
6 6 22 -0.3411816942413818 0.03252441156602572 -0.9394345182964398 -69.02431337629098 
6 6 10 -0.2171367118580483 -0.7716159119445508 -0.5978800321113377 -94.83508583545301 
6 6 8 0.8031314307859523 -0.5792775770249203 0.1393463083107929 -27.29247888709279 
6 6 7 -0.04251502308165245 -0.5067470579484912 0.8610458129930806 26.18003316374753 
6 7 35 0.906675696888316 0.05675821348739299 0.4179924471492353 -54.51837646080129 
6 7 34 -0.7549541551991648 0.08823674588214067 0.6498142043874127 23.46927250465805 
6 7 9 0.8856005868264554 -0.2532929407551611 -0.3892997389881482 -44.90230030797905 
6 8 24 0.5441517881477739 0.04335642829261497 -0.8378657718162783 -103.9862989303761 
6 8 26 0.08142056624237431 -0.7825824025150874 -0.6171997040395312 -104.9762009497434 
6 8 32 0.130614445533142 0.05123442311656334 -0.9901085296602503 -84.45007230815806 
6 8 14 0.3731300387381876 -0.728482243584319 -0.5745325012334772 -120.0195218978571 
6 8 20 0.44481730603256 -0.8684412281025198 0.2189689420573676 -85.00368162337993 
6 8 30 0.1003739939541517 -0.9647552819129558 0.2432535865280204 -64.89780676775037 
6 8 10 -0.232261774595214 -0.7637170341848443 -0.6023211433760129 -94.65259675861013 
6 8 22 -0.3593697229759651 0.04822485184501005 -0.9319483708192772 -67.43158109400639 
6 8 35 0.8949014810304583 0.07130314139611926 0.4405305906251426 -54.17725681725571 
6 8 9 -0.8274643694054598 0.5443686021379359 0.1377154398417786 37.747977533355 
6 9 35 0.8977100907928215 0.06469425805668784 0.4358110208143422 -54.20906159823527 
6 30 35 0.3650875288184551 0.9309731984870637 -7.021064345112214e-16 32.43346334140969 
6 30 34 -0.3650875288184537 0.9309731984870643 -9.410207663864642e-16 68.94221622325522 
6 31 35 0.3650875288184561 -0.9309731984870633 6.636743301563332e-17 31.50249014292254 
6 31 33 -2.009718347115232e-16 -0.7071067811865472 0.7071067811865478 -2.842170943040401e-14 
6 31 34 -0.3650875288184564 -0.9309731984870632 4.40998676072752e-16 68.01124302476813 
6 33 34 -0.3650875288184562 -1.668094600043856e-16 -0.9309731984870634 68.01124302476816 
6 33 35 0.3650875288184562 -9.708974491249108e-17 -0.9309731984870632 31.50249014292253 
6 34 35      1      0      0    -50 
45
6 10 18     -0     -0      1  64.25 
6 10 22      0      1     -0  64.25 
6 10 26      1 -1.101813429165556e-16 8.133516811409833e-17 -25.00000000000001 
6 11 27      1      0      0    -25 
6 11 23      0      1     -0  64.25 
6 11 18 1.395216884790034e-15 -4.613832417266197e-16     -1 63.24999999999994 
6 12 28      1 -2.340171755725296e-16 -2.433224977975003e-16    -25 
6 12 19 3.191459557558289e-16 -1.219526340503776e-16      1 64.25000000000001 
6 12 22 -3.316468244825113e-16     -1 -1.267294887829604e-16 63.24999999999999 
6 14 20 -6.240198245965755e-16 -2.655311333778236e-17      1 64.25000000000006 
6 14 26     -1 -1.691375072110359e-15 1.611418536146842e-15 74.99999999999999 
6 14 24 4.795943447291501e-16      1 2.433229296522368e-16 64.24999999999999 
6 15 25     -0      1     -0  64.25 
6 15 27     -1 5.649114921009181e-16 3.391814369412755e-16 75.00000000000004 
6 15 20 1.330287826474607e-17 -1.769456736485873e-16     -1 63.24999999999998 
6 16 28     -1 6.295471822620435e-15 6.54094984412384e-15 75.00000000000004 
6 16 24 1.790451923938725e-15     -1 5.57086202143313e-16 63.24999999999989 
6 16 21     -0      0      1  64.25 
6 17 25 -6.527264933669896e-16     -1 1.517683443886839e-16 63.25000000000005 
6 17 29     -1 -1.155867882260932e-14 1.143662824232186e-14 75.00000000000001 
6 17 21 -4.458256898353015e-16 -4.859488811922496e-17     -1 63.25000000000005 
6 18 34      0      1     -0  64.25 
6 18 30      1 5.270433150338504e-16 3.890600304640942e-16 -24.99999999999993 
6 19 34 -9.237087899351982e-16     -1 4.736964251918581e-16  63.25 
6 19 31      1 -5.57288420204e-17 2.639855324514529e-32 -24.99999999999999 
6 20 30     -1 3.916639377828137e-16 9.861391740668748e-17 75.00000000000004 
6 20 35 1.681269137760392e-17      1 -2.236307769228998e-16  64.25 
6 21 31     -1     -0     -0     75 
6 21 35 1.787863559947511e-16     -1 7.128823163060753e-17 63.24999999999998 
6 22 34      0      0      1  64.25 
6 22 32      1 5.572884202040001e-17 8.859471497864122e-33    -25 
6 23 34 -1.541928223050568e-16 -5.098991058783659e-17     -1  63.25 
6 23 33      1 2.507400563840941e-17 -3.065483638199059e-17    -25 
6 24 32     -1 -8.167463399820719e-17 -6.824581886510663e-16 74.9999999999999 
6 24 35      0     -0      1  64.25 
6 25 33     -1 -1.302506630703942e-15 -2.070213405749562e-15 75.00000000000027 
6 25 35     -0      0     -1  63.25 
6 26 32     -0      1     -0  64.25 
6 26 30 2.691345815438619e-16 1.429746416857555e-16      1  64.25 
6 27 30 -2.842170943040401e-16      0     -1 63.25000000000001 
6 27 33     -0      1      0  64.25 
6 28 31 -3.00232125380295e-16 -1.312053428841937e-16      1 64.25000000000003 
6 28 32 4.5499664549749e-17     -1 -2.798765261212554e-16 63.24999999999996 
6 29 33 6.959433365567611e-18     -1 -1.141868735959246e-16 63.25000000000001 
6 29 31 4.270799010358403e-16 -5.602463009090207e-17     -1 63.24999999999999 
3
80
    25 -64.25 -85.32046773100349 
    25 63.25000000000001 63.24999999999999 
24.99999999999997 -64.25 6.52333719709226 
24.99999999999999 -78.50674415435009 -67.24353571154222 
31.3697138026992 -80.20494698424618 -64.25 
    25 -80.94015456681581 -64.25 
50.00000000000001 53.44607843137254 53.44607843137254 
24.99999999999999 -38.027103477717 -83.96353065237281 
    75 63.24999999999999 -37.47340216530997 
    75 17.92657452214209 -74.47217045425947 
89.21756097048942 37.0309044847866 -64.24999999999999 
74.99999999999997 -64.25 -78.72450165150909 
88.1016684186806 63.25000000000001 -64.25 
74.99999999999994 -67.9911218049356 -33.81260182308682 
    75 -64.25 -17.94865796707624 
80.08305746084964 -64.25 -29.30094606344637 
75.00000000000001 -75.66561336764008 -64.25000000000001 
97.28732820887865 -64.25000000000001 -64.25 
    50 26.72746960689041 53.44607843137254 
24.99999999999994 -64.24999999999996 59.2450411435806 
25.00000000000003 -45.80344752186582  63.25 
49.98210742097537 -54.4530951290293 35.83913055491598 
    50 -54.35695405507997 35.84171680078546 
50.01797994133494 -54.45312938875879 35.8214278362307 
75.00000000000003 -64.24999999999997 34.51669427154764 
72.87371906996586  63.25  63.25 
71.16349009116431 61.7454863102605 61.7454863102605 
    75  63.25 62.19841175229454 
    75 -89.72353208005985 63.24999999999999 
21.08144044178364 -64.25  63.25 
    75 63.92314998649382 63.25000000000001 
    25 -67.80059904601569 63.25000000000001 
    25 -64.25 74.85593243656378 
947.9583493589731 -64.25  63.25 
106.948733974359 63.24999999999999  63.25 
75.00000000000004 -64.25 146.5159752369306 
75.00000000000004 63.25000000000001 66.29738764903709 
    25 21.6944671132819 -82.23490347104489 
    25 63.24999999999997 -11.74979923558784 
    50 53.44607843137255 15.5282526830976 
62.12919694151348 58.20262625157391 -10.7296017371246 
-19.71950783030673 -67.71042741722719 -64.25 
-23.87788139089846 -64.25000000000001 -54.79290926219525 
-24.36026614311744  63.25 -64.25 
-32.7693619749895 -64.25 -64.25 
48.51010485314256 72.85613024500775 -64.2500000000001 
40.28015809459175 63.24999999999996 -78.62644301357111 
75.00000000000006 69.79346427887262 -64.25 
74.99999999999996 63.24999999999999 -73.16029428528738 
    25 75.8965050256167 -64.25000000000001 
    25 63.24999999999999 -81.28881888510259 
58.32220249002375 37.03854498188734 -1.108127126233605 
    50 37.30221524425273 16.90792397853126 
29.8060698974019 10.86044573570349 -2.96291857427283 
    50 41.06818570163637 16.39655168779922 
-7.616610385070736 -64.25 -72.932554051876 
-7.834102432084656 -64.59941832196536 -72.40261120702395 
0.826862914881815 -64.25 -75.99903550391336 
0.5806974593934839 -64.49402777874306 -75.5946947304664 
11.90047225893368 -49.74376025197399 -79.51849941665758 
3.850962024376361 -46.85231540881829 -76.49499109711063 
16.94338750662175 -28.43124360638733 -46.30082755480065 
36.00676182373703 -0.4905747310150286 -28.91576938143895 
64.9654870320978 33.0347669514952 -14.33711196673359 
59.30324686873148 34.51853598784679 -2.893943813497323 
60.59584510546409 23.76764572016994 -3.960593321972404 
58.10937499344978 29.94229147177386 0.3171048235872007 
60.53117398293082 23.96069350310168 -3.856036911008754 
59.0007035505825 31.90710383826904 -1.883090865897628 
58.59699281055987 21.28474572631415 -6.156180506542306 
38.39751798345204 -0.3167365781794871 -27.78632407496183 
37.32257865275393 -0.3268196013820219 -28.75442557031295 
42.65193078857281 7.309678103547932 -23.07018046943078 
29.19020337988157 -14.97668825992206 -37.77778512591448 
29.24486597668042 -14.90213176617624 -37.71992203516803 
33.50747749873253 -9.663139431335274 -34.5743665014548 
31.70685689390003 -13.27247275418793 -42.05881293198129 
38.58078146986382 -2.326818719965531 -33.09075928192174 
25.79744936985088 -21.72254198544136 -43.12740751400884 
28.22949003864197 -17.87246962142135 -40.11065145844556 
136
10 0 35 35 34 25 24 23 19 27 28
9 0 33 19 21 33 36 37 26 27
8 0 34 22 20 30 21 19 23
5 0 23 33 30 21
5 0 18 32 30 20
5 0 11 30 32 33
8 0 30 20 22 24 25 29 32
5 0 21 35 31 28
6 0 31 28 27 26 31
6 0 25 34 36 37 35
5 0 17 37 31 35
5 0 29 37 31 26
6 0 27 32 33 36 29
5 0 4 24 22 23
5 0 20 34 29 25
5 0 15 29 36 34
6 1 2 71 75 80 76
6 1 9 71 73 78 76
7 1 7 71 73 72 74 75
6 1 6 72 77 79 74
6 1 3 72 73 78 77
6 1 4 74 75 80 79
7 1 8 76 78 77 79 80
6 2 7 69 67 75 71
5 2 35 67 68 69
7 2 4 67 68 70 80 75
7 2 9 70 76 71 69 68
5 2 8 70 80 76
7 3 7 63 52 65 73 72
9 3 5 38 47 46 41 52 63 61
9 3 35 41 9 13 11 64 65 52
6 3 24 49 10 11 13
9 3 8 60 8 10 11 64 78 77
7 3 32 8 38 47 49 10
6 3 22 8 38 61 60
7 3 6 60 61 63 72 77
5 3 21 9 48 13
6 3 31 48 9 41 46
5 3 16 48 13 49
6 3 28 48 46 47 49
6 3 9 64 78 73 65
11 4 8 5 14 16 66 70 80 79 59 4
5 4 26 6 5 4
7 4 10 4 6 42 57 59
9 4 30 14 5 6 3 22 24 15
8 4 7 62 54 53 67 75 74
7 4 5 54 43 42 57 62
8 4 34 22 3 43 54 53 23
5 4 20 16 14 15
10 4 35 15 24 23 53 67 68 66 16
6 4 18 6 3 43 42
7 4 6 57 59 79 74 62
5 4 9 66 70 68
6 5 28 50 46 47 51
8 5 22 45 44 51 38 61 56
5 5 32 38 51 47
5 5 12 50 44 51
7 5 7 63 52 55 54 62
6 5 35 41 40 55 52
9 5 34 44 39 40 55 54 43 45
5 5 19 44 39 50
7 5 31 41 40 39 50 46
5 5 18 45 42 43
6 5 10 42 45 56 57
7 5 6 56 57 62 63 61
6 6 22 56 58 60 61
6 6 10 56 58 59 57
7 6 8 60 58 59 79 77
6 6 7 63 72 74 62
8 7 35 55 53 67 69 65 52
5 7 34 53 54 55
6 7 9 65 69 71 73
6 8 24 12 10 11 18
7 8 26 12 1 4 5 17
6 8 32 12 1 8 10
5 8 14 12 17 18
6 8 20 16 14 17 18
5 8 30 14 5 17
6 8 10 1 4 59 58
6 8 22 1 58 60 8
7 8 35 16 66 64 11 18
7 8 9 64 66 70 76 78
7 9 35 64 66 68 69 65
6 10 18 0 45 42 6
7 10 22 0 45 56 58 1
6 10 26 0 6 4 1
5 11 27 0 32 33
5 11 23 0 33 30
5 11 18 0 32 30
5 12 28 0 50 51
5 12 19 0 44 50
5 12 22 0 44 51
5 14 20 0 17 18
5 14 26 0 17 12
5 14 24 0 18 12
5 15 25 0 36 34
5 15 27 0 36 29
5 15 20 0 29 34
5 16 28 0 48 49
5 16 24 0 13 49
5 16 21 0 13 48
5 17 25 0 37 35
5 17 29 0 31 37
5 17 21 0 35 31
8 18 34 0 45 43 3 20 30
7 18 30 0 32 20 3 6
6 19 34 2 0 44 39
6 19 31 0 50 39 2
8 20 30 0 17 14 15 25 29
8 20 35 15 25 34 0 18 16
7 21 31 0 31 28 9 48
7 21 35 35 0 13 9 28
5 22 34 0 45 44
7 22 32 0 1 8 38 51
6 23 34 2 21 30 0
6 23 33 2 0 33 21
6 24 32 0 12 10 49
6 24 35 0 13 11 18
5 25 33 0 37 36
5 25 35 35 0 34
5 26 32 0 1 12
6 26 30 0 6 5 17
5 27 30 0 32 29
5 27 33 0 36 33
6 28 31 0 50 46 48
6 28 32 0 51 47 49
6 29 33 2 0 37 26
6 29 31 0 2 26 31
5 30 35 15 24 25
5 30 34 22 3 20
8 31 35 41 9 28 27 7 40
6 31 33 2 7 27 26
6 31 34 2 7 40 39
6 33 34 2 21 19 7
5 33 35 7 19 27
8 34 35 7 19 23 53 55 40
